188
142
102
118
115
130
128
105
109
192
182
173
136
149
143
152
176
134
154
142
108
131
194
147
180
199
164
134
149
130
120
171
182
199
195
181
119
132
192
154
1000160
1000099
131
150
142
108
153
181
129
118
126
136
188
152
150
120
152
100
121
119
143
176
191
162
174
136
176
199
169
103
147
184
121
147
142
196
165
188
151
155
146
197
158
199
188
140
154
103
129
199
131
111
127
198
181
190
169
122
132
169
155
164
139
113
196
102
174
178
192
131
127
197
193
106
100
138
122
123
144
134
156
144
100
159
164
185
142
109
146
113
186
146
134
126
181
136
121
190
170
136
113
133
168
175
196
167
114
151
175
148
121
108
180
175
180
161
119
128
195
181
155
139
159
186
105
175
118
191
199
155
121
138
187
116
127
125
197
150
138
101
144
106
115
127
192
155
129
119
162
159
193
158
127
132
150
113
111
100
148
171
125
186
